"service_id","monday","tuesday","wednesday","thursday","friday","saturday","sunday","start_date","end_date"
1,1,1,1,1,1,0,0,20190207,20191214
2,1,1,1,1,0,0,0,20190207,20191214
3,0,0,0,0,0,1,0,20190207,20191214
4,0,0,0,0,0,0,0,20190207,20191214
5,1,1,1,1,1,0,0,20190207,20191214
6,0,0,0,0,0,1,0,20190207,20191214
7,0,0,0,0,1,0,0,20190207,20191214
8,0,0,0,0,0,1,1,20190207,20191214
9,0,0,0,0,0,0,1,20190207,20191214
10,1,1,1,1,1,1,1,20190207,20191214
11,1,1,1,1,1,1,0,20190207,20191214
12,1,1,1,1,1,0,1,20190207,20191214
13,0,0,0,0,1,1,0,20190207,20191214
14,1,1,1,1,1,0,0,20190207,20191214
15,0,0,0,0,1,1,0,20190207,20191214
16,1,1,1,1,1,0,0,20190207,20191214
17,0,0,0,0,0,0,0,20190207,20191214
18,0,0,0,0,0,0,0,20190207,20191214
19,1,1,1,1,1,0,1,20190207,20191214
20,0,0,0,0,0,1,0,20190207,20191214
21,0,0,0,0,0,0,0,20190207,20191214
22,1,1,1,1,0,0,1,20190207,20191214
23,0,0,0,0,1,0,0,20190207,20191214
24,1,1,1,1,1,0,0,20190207,20191214
25,0,0,0,0,0,1,1,20190207,20191214
26,1,1,1,1,1,0,0,20190207,20191214
27,0,0,0,0,0,1,0,20190207,20191214
28,1,1,1,1,1,1,0,20190207,20191214
29,0,0,0,0,0,1,1,20190207,20191214
30,0,0,0,0,0,0,1,20190207,20191214
31,1,1,1,1,1,1,1,20190207,20191214
32,0,0,0,0,1,1,0,20190207,20191214
33,0,0,0,0,0,0,0,20190207,20191214
34,0,0,0,0,0,0,0,20190207,20191214
35,0,0,0,0,0,0,0,20190207,20191214
36,0,0,0,0,0,0,0,20190207,20191214
37,0,0,0,0,0,0,0,20190207,20191214
38,0,0,0,0,0,0,0,20190207,20191214
39,0,0,0,0,0,0,0,20190207,20191214
40,0,0,0,0,0,1,0,20190207,20191214
41,1,1,1,1,1,0,0,20190207,20191214
42,0,0,0,0,0,0,1,20190207,20191214
43,1,1,1,1,1,1,0,20190207,20191214
44,0,0,0,0,1,1,0,20190207,20191214
45,0,0,0,0,0,1,1,20190207,20191214
46,1,1,1,1,1,1,1,20190207,20191214
47,0,0,0,0,0,0,0,20190207,20191214
48,0,0,0,0,0,0,0,20190207,20191214
49,0,0,0,0,0,0,0,20190207,20191214
50,0,0,0,0,0,0,0,20190207,20191214
51,0,0,0,0,0,0,0,20190207,20191214
52,0,0,0,0,0,0,0,20190207,20191214
53,0,0,0,0,0,0,0,20190207,20191214
54,0,0,0,0,1,0,0,20190207,20191214
55,1,1,1,1,0,0,0,20190207,20191214
56,0,0,0,0,1,0,0,20190207,20191214
57,1,1,1,1,0,0,0,20190207,20191214
58,0,0,0,0,0,1,1,20190207,20191214
59,0,0,0,0,0,0,0,20190207,20191214
60,0,0,0,0,0,0,0,20190207,20191214
61,0,0,0,0,0,0,0,20190207,20191214
62,0,0,0,0,0,0,0,20190207,20191214
63,0,0,0,0,0,0,0,20190207,20191214
64,0,0,0,0,0,0,0,20190207,20191214
65,0,0,0,0,0,1,0,20190207,20191214
66,0,0,0,0,0,0,1,20190207,20191214
67,0,0,0,0,0,1,1,20190207,20191214
68,1,1,1,1,1,1,1,20190207,20191214
69,0,0,0,0,1,1,0,20190207,20191214
70,1,1,1,1,1,0,0,20190207,20191214
71,0,0,0,0,0,0,0,20190207,20191214
72,1,1,1,1,1,0,1,20190207,20191214
73,0,0,0,0,0,1,0,20190207,20191214
74,1,1,1,1,1,0,0,20190207,20191214
75,1,1,1,1,1,1,1,20190207,20191214
76,0,0,0,0,0,0,0,20190207,20191214
77,0,0,0,0,0,0,0,20190207,20191214
78,0,0,0,0,0,0,0,20190207,20191214
79,1,1,1,1,1,0,0,20190207,20191214
80,1,1,1,1,1,1,0,20190207,20191214
81,1,1,1,1,1,1,1,20190207,20191214
82,1,1,1,1,1,0,1,20190207,20191214
83,0,0,0,0,1,1,0,20190207,20191214
84,0,0,0,0,0,0,0,20190207,20191214
85,0,0,0,0,0,0,0,20190207,20191214
86,0,0,0,0,0,0,0,20190207,20191214
87,0,0,0,0,0,0,0,20190207,20191214
88,0,0,0,0,0,0,0,20190207,20191214
89,1,1,1,1,1,0,1,20190207,20191214
90,0,0,0,0,0,0,0,20190207,20191214
91,1,1,1,1,0,0,1,20190207,20191214
92,0,0,0,0,0,0,0,20190207,20191214
93,0,0,0,0,0,0,0,20190207,20191214
94,0,0,0,0,0,0,0,20190207,20191214
95,0,0,0,0,0,0,0,20190207,20191214
96,0,0,0,0,0,0,0,20190207,20191214
97,0,0,0,0,0,0,0,20190207,20191214
98,0,0,0,0,0,1,1,20190207,20191214
99,0,0,0,0,0,0,1,20190207,20191214
100,1,1,1,1,1,0,0,20190207,20191214
101,0,0,0,0,0,1,0,20190207,20191214
102,1,1,1,1,1,1,1,20190207,20191214
103,0,0,0,0,1,1,0,20190207,20191214
104,0,0,0,0,0,0,0,20190207,20191214
105,1,1,1,1,1,1,0,20190207,20191214
106,0,0,0,0,0,1,0,20190207,20191214
107,0,0,0,0,0,0,0,20190207,20191214
108,0,0,0,0,0,0,1,20190207,20191214
109,0,0,0,0,0,0,0,20190207,20191214
110,1,1,1,1,1,1,1,20190207,20191214
111,0,0,0,0,0,0,0,20190207,20191214
112,0,0,0,0,0,1,0,20190207,20191214
113,0,0,0,0,0,0,0,20190207,20191214
114,0,0,0,0,0,0,1,20190207,20191214
115,1,1,1,1,1,0,0,20190207,20191214
116,1,1,1,1,1,1,0,20190207,20191214
117,0,0,0,0,0,0,1,20190207,20191214
118,0,0,0,0,0,1,1,20190207,20191214
119,0,0,0,0,0,0,0,20190207,20191214
120,0,0,0,0,0,0,0,20190207,20191214
121,0,0,0,0,0,0,0,20190207,20191214
122,0,0,0,0,0,0,0,20190207,20191214
123,0,0,0,0,0,1,0,20190207,20191214
124,0,0,0,0,0,0,0,20190207,20191214
125,0,0,0,0,1,1,1,20190207,20191214
126,1,1,1,0,0,0,0,20190207,20191214
127,0,0,0,0,0,1,1,20190207,20191214
128,1,1,1,1,1,0,0,20190207,20191214
129,0,0,1,1,0,0,0,20190207,20191214
130,1,1,1,1,1,0,0,20190207,20191214
131,0,0,0,0,0,1,0,20190207,20191214
132,0,0,0,0,0,0,0,20190207,20191214
133,0,0,0,0,0,1,0,20190207,20191214
134,0,0,0,0,0,1,0,20190207,20191214
135,1,1,1,1,1,1,0,20190207,20191214
136,1,1,1,1,1,0,0,20190207,20191214
137,0,0,0,0,0,0,0,20190207,20191214
138,1,1,1,1,0,0,1,20190207,20191214
139,0,0,0,0,0,0,0,20190207,20191214
140,1,1,1,1,1,0,0,20190207,20191214
141,0,0,0,0,0,0,0,20190207,20191214
142,0,0,0,0,0,0,0,20190207,20191214
143,0,0,0,0,0,0,0,20190207,20191214
144,0,0,0,0,1,1,0,20190207,20191214
145,0,0,0,0,0,1,1,20190207,20191214
146,0,0,0,0,0,1,0,20190207,20191214
147,0,0,0,0,0,0,1,20190207,20191214
148,0,0,0,0,0,0,0,20190207,20191214
149,0,0,0,0,0,0,0,20190207,20191214
150,0,0,0,0,0,0,0,20190207,20191214
151,0,0,0,0,1,0,0,20190207,20191214
152,0,0,0,0,0,0,0,20190207,20191214
153,1,1,1,0,0,0,0,20190207,20191214
154,0,0,0,1,1,0,0,20190207,20191214
155,0,1,1,0,0,0,0,20190207,20191214
156,0,0,0,1,1,0,0,20190207,20191214
157,1,0,1,1,0,0,0,20190207,20191214
158,0,1,0,0,0,0,0,20190207,20191214
159,1,1,1,1,1,0,0,20190207,20191214
160,0,0,0,0,0,0,0,20190207,20191214
161,0,1,0,0,1,0,0,20190207,20191214
162,1,0,1,1,1,0,0,20190207,20191214
163,0,0,0,0,0,0,0,20190207,20191214
164,1,1,1,1,1,0,0,20190207,20191214
165,1,0,0,1,0,0,0,20190207,20191214
166,0,1,0,0,0,0,0,20190207,20191214
167,0,1,1,0,1,0,0,20190207,20191214
168,0,0,0,0,0,0,0,20190207,20191214
169,0,0,0,0,0,0,0,20190207,20191214
170,0,0,0,0,0,0,0,20190207,20191214
171,0,0,0,0,1,0,0,20190207,20191214
172,0,0,0,0,0,0,0,20190207,20191214
173,1,1,1,1,1,0,0,20190207,20191214
174,0,0,0,0,0,0,0,20190207,20191214
175,0,0,0,0,0,0,0,20190207,20191214
176,0,0,0,0,0,0,0,20190207,20191214
177,0,0,0,0,0,0,0,20190207,20191214
178,0,0,0,0,0,0,0,20190207,20191214
179,0,0,0,0,0,0,0,20190207,20191214
180,1,1,1,1,1,1,0,20190207,20191214
181,0,0,0,0,0,0,0,20190207,20191214
182,1,1,1,1,0,1,0,20190207,20191214
183,0,0,0,0,0,0,0,20190207,20191214
184,0,0,0,0,0,0,0,20190207,20191214
185,0,0,0,0,0,0,0,20190207,20191214
186,0,0,0,0,0,0,0,20190207,20191214
187,0,0,0,0,0,0,0,20190207,20191214
188,1,1,1,1,1,1,1,20190207,20191214
189,1,1,1,1,1,0,0,20190207,20191214
190,1,1,1,1,1,1,1,20190207,20191214
191,0,0,0,0,0,0,0,20190207,20191214
192,1,1,1,1,1,0,0,20190207,20191214
193,1,1,1,1,1,1,1,20190207,20191214
194,0,0,0,0,0,0,0,20190207,20191214
195,1,1,1,1,1,1,1,20190207,20191214
196,0,0,0,0,0,0,0,20190207,20191214
197,0,0,0,0,0,0,0,20190207,20191214
198,1,1,1,1,1,1,1,20190207,20191214
199,1,1,1,1,1,1,1,20190207,20191214
200,0,0,0,0,0,0,0,20190207,20191214
201,1,1,1,1,1,0,0,20190207,20191214
202,1,1,1,1,0,0,1,20190207,20191214
203,1,1,1,1,0,0,1,20190207,20191214
204,0,0,0,0,0,0,0,20190207,20191214
205,1,1,1,1,1,1,1,20190207,20191214
206,0,0,0,0,0,1,1,20190207,20191214
207,1,1,1,1,1,1,1,20190207,20191214
208,1,1,1,1,1,1,1,20190207,20191214
209,0,0,0,0,1,1,0,20190207,20191214
210,0,0,0,0,0,0,0,20190207,20191214
211,0,0,0,0,1,1,0,20190207,20191214
212,0,0,0,0,0,0,0,20190207,20191214
213,1,1,1,1,1,1,0,20190207,20191214
214,1,1,1,1,1,1,1,20190207,20191214
215,1,1,1,1,1,1,1,20190207,20191214
216,0,0,0,0,0,0,0,20190207,20191214
217,1,1,1,1,1,1,1,20190207,20191214
218,0,0,0,0,0,0,0,20190207,20191214
219,0,0,0,0,1,1,0,20190207,20191214
220,0,0,0,0,0,1,0,20190207,20191214
221,0,0,0,0,0,1,0,20190207,20191214
222,1,1,1,1,0,0,1,20190207,20191214
223,1,1,1,1,0,0,1,20190207,20191214
224,0,0,0,0,0,0,0,20190207,20191214
225,0,0,0,0,0,1,1,20190207,20191214
226,1,1,1,1,1,0,1,20190207,20191214
227,0,0,0,0,0,0,0,20190207,20191214
228,1,1,1,1,1,0,0,20190207,20191214
229,1,1,1,1,1,0,0,20190207,20191214
230,1,1,1,1,1,0,0,20190207,20191214
231,0,0,0,0,0,1,1,20190207,20191214
232,1,1,1,1,1,1,1,20190207,20191214
233,1,1,1,1,1,1,1,20190207,20191214
234,1,1,1,1,1,0,0,20190207,20191214
235,0,0,0,0,0,0,0,20190207,20191214
236,0,0,0,0,0,0,0,20190207,20191214
237,0,0,0,0,0,0,0,20190207,20191214
238,1,1,1,1,1,0,0,20190207,20191214
239,0,0,0,0,0,0,0,20190207,20191214
240,0,0,0,0,0,0,0,20190207,20191214
241,1,1,1,1,1,0,0,20190207,20191214
242,0,0,0,0,0,0,0,20190207,20191214
243,1,1,1,1,1,1,1,20190207,20191214
244,0,0,0,0,0,0,1,20190207,20191214
245,0,0,0,0,0,0,0,20190207,20191214
246,0,0,0,0,0,0,0,20190207,20191214
247,0,0,0,0,0,0,0,20190207,20191214
248,0,0,0,0,0,0,0,20190207,20191214
249,0,0,0,0,0,0,0,20190207,20191214
250,0,0,0,0,0,0,0,20190207,20191214
251,0,0,0,0,0,0,0,20190207,20191214
252,0,0,0,0,0,0,0,20190207,20191214
253,0,0,0,0,1,1,0,20190207,20191214
254,0,0,0,0,0,0,0,20190207,20191214
255,0,0,0,0,0,0,0,20190207,20191214
256,0,0,0,0,0,0,0,20190207,20191214
257,0,0,0,0,0,0,0,20190207,20191214
258,0,0,0,0,0,0,0,20190207,20191214
259,1,1,1,1,1,0,0,20190207,20191214
260,0,0,0,0,0,0,0,20190207,20191214
261,1,1,1,1,1,0,1,20190207,20191214
262,1,1,1,1,1,0,0,20190207,20191214
263,0,0,0,0,0,1,0,20190207,20191214
264,1,1,1,1,1,1,0,20190207,20191214
265,0,0,0,0,1,1,0,20190207,20191214
266,0,0,0,0,1,1,0,20190207,20191214
267,0,0,0,0,0,0,0,20190207,20191214
268,0,0,0,0,0,1,1,20190207,20191214
269,1,1,1,1,1,1,0,20190207,20191214
270,0,0,0,0,0,1,0,20190207,20191214
271,0,1,1,1,1,0,0,20190207,20191214
272,1,1,1,0,1,0,0,20190207,20191214
273,0,0,0,1,0,0,0,20190207,20191214
274,0,1,1,1,0,0,0,20190207,20191214
275,1,1,1,1,1,1,0,20190207,20191214
276,1,0,0,0,0,0,0,20190207,20191214
277,0,0,0,0,0,0,0,20190207,20191214
278,0,0,0,0,0,0,0,20190207,20191214
279,0,0,1,0,0,0,0,20190207,20191214
280,0,0,0,0,0,0,0,20190207,20191214
281,0,0,0,0,0,0,0,20190207,20191214
282,0,0,0,0,0,0,0,20190207,20191214
283,0,0,0,0,0,1,0,20190207,20191214
284,0,0,0,0,0,0,0,20190207,20191214
285,0,0,0,0,0,1,1,20190207,20191214
286,0,0,0,1,0,0,0,20190207,20191214
287,0,0,1,0,0,0,0,20190207,20191214
288,1,1,0,0,0,0,0,20190207,20191214
289,0,0,0,0,0,0,0,20190207,20191214
290,1,1,1,1,1,0,0,20190207,20191214
291,0,0,0,0,0,0,0,20190207,20191214
292,0,0,0,0,0,1,1,20190207,20191214
293,1,1,1,1,1,1,1,20190207,20191214
294,0,0,0,0,0,0,0,20190207,20191214
295,0,0,0,0,0,0,0,20190207,20191214
296,0,0,0,0,0,0,0,20190207,20191214
297,0,0,0,0,0,0,0,20190207,20191214
298,0,0,0,0,1,0,0,20190207,20191214
299,1,0,0,0,0,0,0,20190207,20191214
300,0,1,1,1,0,0,0,20190207,20191214
301,0,1,1,1,1,0,0,20190207,20191214
302,0,0,0,0,0,0,0,20190207,20191214
303,0,0,0,0,0,0,0,20190207,20191214
304,0,0,0,0,0,1,0,20190207,20191214
305,1,1,1,1,1,0,0,20190207,20191214
306,1,1,1,1,1,1,0,20190207,20191214
307,0,0,0,0,0,0,1,20190207,20191214
308,1,1,1,1,1,1,1,20190207,20191214
309,0,0,0,0,0,0,0,20190207,20191214
310,0,0,0,0,0,0,0,20190207,20191214
311,0,0,0,0,0,0,0,20190207,20191214
312,0,0,0,0,0,0,0,20190207,20191214
313,0,0,0,0,0,0,0,20190207,20191214
314,0,0,0,0,0,0,0,20190207,20191214
315,0,0,0,0,0,0,0,20190207,20191214
316,0,0,0,0,0,0,0,20190207,20191214
317,0,0,0,0,0,1,1,20190207,20191214
318,1,1,1,1,1,0,1,20190207,20191214
319,0,0,0,0,0,0,0,20190207,20191214
320,0,0,0,0,0,0,0,20190207,20191214
321,1,1,1,1,0,0,0,20190207,20191214
322,0,0,0,0,0,0,0,20190207,20191214
323,0,1,1,0,0,0,0,20190207,20191214
324,0,0,0,0,0,0,0,20190207,20191214
325,1,1,1,1,1,0,0,20190207,20191214
326,1,1,1,1,0,0,0,20190207,20191214
327,1,0,1,0,1,0,0,20190207,20191214
328,0,1,0,1,0,0,0,20190207,20191214
329,0,0,1,0,1,0,0,20190207,20191214
330,1,1,1,1,1,0,0,20190207,20191214
331,1,1,1,1,1,0,1,20190207,20191214
332,0,0,0,0,0,0,0,20190207,20191214
333,0,0,0,0,0,0,0,20190207,20191214
334,1,1,1,1,1,0,0,20190207,20191214
335,0,0,0,0,0,0,0,20190207,20191214
336,0,0,0,0,0,0,0,20190207,20191214
337,0,0,0,0,0,0,0,20190207,20191214
338,0,0,0,0,0,1,0,20190207,20191214
339,1,1,1,1,1,0,0,20190207,20191214
340,1,1,0,1,0,0,0,20190207,20191214
341,0,1,0,0,0,0,0,20190207,20191214
342,1,0,1,1,0,0,0,20190207,20191214
343,0,0,0,0,0,1,0,20190207,20191214
344,0,0,0,0,0,0,0,20190207,20191214
345,0,0,0,0,0,0,0,20190207,20191214
346,1,1,1,1,1,1,0,20190207,20191214
347,1,1,1,1,1,1,0,20190207,20191214
348,0,0,0,0,0,0,0,20190207,20191214
349,1,1,1,1,0,0,1,20190207,20191214
350,0,0,0,0,0,1,0,20190207,20191214
351,0,0,0,0,1,0,0,20190207,20191214
352,1,1,1,0,1,0,0,20190207,20191214
353,0,1,1,0,1,0,0,20190207,20191214
354,0,0,0,0,1,0,0,20190207,20191214
355,1,0,0,1,0,0,0,20190207,20191214
356,0,0,1,0,0,0,0,20190207,20191214
357,1,1,1,0,1,0,0,20190207,20191214
358,0,0,0,1,0,0,0,20190207,20191214
359,0,1,0,0,1,0,0,20190207,20191214
360,1,1,1,1,0,0,0,20190207,20191214
361,0,1,0,1,0,0,0,20190207,20191214
362,0,0,0,0,0,0,0,20190207,20191214
363,0,0,0,0,0,0,0,20190207,20191214
364,0,0,0,0,1,0,0,20190207,20191214
365,1,1,1,1,1,0,0,20190207,20191214
366,0,1,1,0,0,0,0,20190207,20191214
367,0,0,0,0,0,0,0,20190207,20191214
368,0,0,0,0,0,0,1,20190207,20191214
369,0,0,0,0,0,0,0,20190207,20191214
370,1,1,1,1,1,1,0,20190207,20191214
371,1,1,1,1,1,0,1,20190207,20191214
372,0,0,0,0,0,1,0,20190207,20191214
373,1,1,1,1,1,1,0,20190207,20191214
374,0,0,0,0,0,1,0,20190207,20191214
375,1,0,1,0,0,0,0,20190207,20191214
376,0,1,0,1,1,0,0,20190207,20191214
377,0,0,0,0,0,0,1,20190207,20191214
378,1,0,0,1,1,0,0,20190207,20191214
379,0,0,1,1,0,0,0,20190207,20191214
380,1,1,1,1,1,0,0,20190207,20191214
381,1,1,1,1,1,0,0,20190207,20191214
382,0,0,0,0,0,0,1,20190207,20191214
383,0,0,0,0,0,0,0,20190207,20191214
384,1,1,1,0,0,0,0,20190207,20191214
385,1,0,0,0,1,0,0,20190207,20191214
386,1,1,1,1,1,1,1,20190207,20191214
387,1,1,1,1,1,0,1,20190207,20191214
388,1,1,1,1,1,1,1,20190207,20191214
389,0,0,0,0,0,0,0,20190207,20191214
390,1,1,1,1,1,1,0,20190207,20191214
391,1,1,1,1,1,1,1,20190207,20191214
392,1,1,1,1,1,1,1,20190207,20191214
393,1,1,1,1,0,1,1,20190207,20191214
394,1,1,1,1,1,1,1,20190207,20191214
395,1,1,1,1,1,1,1,20190207,20191214
396,0,0,0,0,0,0,0,20190207,20191214
397,1,1,1,1,1,1,1,20190207,20191214
398,1,1,1,1,1,1,1,20190207,20191214
399,0,0,0,0,0,0,0,20190207,20191214
400,0,0,0,0,0,1,1,20190207,20191214
401,1,1,1,1,1,1,1,20190207,20191214
402,1,1,1,1,1,1,1,20190207,20191214
403,0,0,0,0,0,0,0,20190207,20191214
404,0,0,0,0,0,0,0,20190207,20191214
405,0,0,0,0,0,1,1,20190207,20191214
406,0,0,0,0,0,0,0,20190207,20191214
407,0,0,0,0,0,0,1,20190207,20191214
408,0,0,0,0,0,0,0,20190207,20191214
409,1,1,1,1,1,1,1,20190207,20191214
410,1,1,1,1,1,1,0,20190207,20191214
411,0,0,0,0,0,0,0,20190207,20191214
412,0,0,0,0,0,0,0,20190207,20191214
413,0,0,0,0,0,0,0,20190207,20191214
414,0,0,0,0,0,0,0,20190207,20191214
415,1,1,1,1,1,1,1,20190207,20191214
416,1,1,1,1,1,0,0,20190207,20191214
417,0,0,0,0,0,1,1,20190207,20191214
418,0,0,0,0,0,1,1,20190207,20191214
419,0,0,0,0,0,0,1,20190207,20191214
420,0,0,0,0,0,0,0,20190207,20191214
421,1,1,1,1,1,1,0,20190207,20191214
422,1,1,1,1,1,1,1,20190207,20191214
423,0,0,0,0,0,0,0,20190207,20191214
424,1,1,1,1,1,0,0,20190207,20191214
425,0,0,0,0,0,0,0,20190207,20191214
426,0,0,0,0,0,0,0,20190207,20191214
427,1,1,1,1,1,1,1,20190207,20191214
428,1,1,1,1,1,1,0,20190207,20191214
429,0,0,0,0,0,0,1,20190207,20191214
430,1,1,1,1,1,0,0,20190207,20191214
431,0,0,0,0,0,1,1,20190207,20191214
432,1,1,1,1,0,0,0,20190207,20191214
433,0,0,0,0,0,0,0,20190207,20191214
434,1,1,1,1,1,1,0,20190207,20191214
435,0,0,0,0,0,0,1,20190207,20191214
436,0,0,0,0,0,0,0,20190207,20191214
437,0,0,0,0,0,0,0,20190207,20191214
438,0,0,0,0,0,0,0,20190207,20191214
439,0,0,0,0,0,0,0,20190207,20191214
440,0,0,0,0,0,0,0,20190207,20191214
441,0,0,0,0,0,0,0,20190207,20191214
442,0,0,0,0,0,0,0,20190207,20191214
443,0,0,0,0,0,0,0,20190207,20191214
444,0,0,0,0,0,0,0,20190207,20191214
445,0,0,0,0,0,0,0,20190207,20191214
446,0,0,0,0,0,0,0,20190207,20191214
447,0,0,0,0,0,0,0,20190207,20191214
448,0,0,0,0,0,0,0,20190207,20191214
449,0,0,0,0,0,0,0,20190207,20191214
450,0,0,0,0,0,0,0,20190207,20191214
451,0,0,0,0,0,0,0,20190207,20191214
452,0,0,0,0,0,0,0,20190207,20191214
453,0,0,0,0,0,0,0,20190207,20191214
454,0,0,0,0,0,0,0,20190207,20191214
455,0,0,0,0,0,0,0,20190207,20191214
456,0,0,0,0,0,0,0,20190207,20191214
457,0,0,0,0,0,0,0,20190207,20191214
458,0,0,0,0,0,0,0,20190207,20191214
459,0,0,0,0,0,0,0,20190207,20191214
460,0,0,0,0,0,0,0,20190207,20191214
461,0,0,0,0,0,0,0,20190207,20191214
462,0,0,0,0,0,0,0,20190207,20191214
463,0,0,0,0,0,0,0,20190207,20191214
464,0,0,0,0,0,0,1,20190207,20191214
465,0,0,0,0,0,0,0,20190207,20191214
466,0,0,0,0,0,0,0,20190207,20191214
467,0,0,0,0,0,0,0,20190207,20191214
468,0,0,0,0,0,0,0,20190207,20191214
469,0,0,0,0,0,0,0,20190207,20191214
470,0,0,0,0,0,0,0,20190207,20191214
471,0,0,0,0,0,0,0,20190207,20191214
472,0,0,0,0,0,0,0,20190207,20191214
473,0,0,0,0,0,0,0,20190207,20191214
474,0,0,0,0,0,0,0,20190207,20191214
475,0,0,0,0,0,0,0,20190207,20191214
476,0,0,0,0,0,0,0,20190207,20191214
477,0,0,0,0,0,0,0,20190207,20191214
478,0,0,0,0,0,0,1,20190207,20191214
479,0,0,0,0,0,0,0,20190207,20191214
480,0,0,0,0,0,0,0,20190207,20191214
481,0,0,0,0,0,0,0,20190207,20191214
482,0,0,0,0,0,0,0,20190207,20191214
483,0,0,0,0,0,0,0,20190207,20191214
484,0,0,0,0,0,0,0,20190207,20191214
485,0,0,0,0,0,0,0,20190207,20191214
486,0,0,0,0,0,0,0,20190207,20191214
487,0,0,0,0,0,0,0,20190207,20191214
488,0,0,0,0,0,0,0,20190207,20191214
489,0,0,0,0,0,0,0,20190207,20191214
490,0,0,0,0,0,0,0,20190207,20191214
491,0,0,0,0,0,0,0,20190207,20191214
492,0,0,0,0,0,0,0,20190207,20191214
493,0,0,0,0,0,0,0,20190207,20191214
494,0,0,0,0,0,0,1,20190207,20191214
495,0,0,0,0,0,0,0,20190207,20191214
496,0,0,0,0,0,0,0,20190207,20191214
497,0,0,0,0,0,0,1,20190207,20191214
498,0,0,0,0,0,0,0,20190207,20191214
499,0,0,0,0,0,0,0,20190207,20191214
500,0,0,0,0,0,0,0,20190207,20191214
501,0,0,0,0,0,0,0,20190207,20191214
502,0,0,0,0,0,1,1,20190207,20191214
503,0,0,0,0,0,0,0,20190207,20191214
504,0,0,0,0,1,1,0,20190207,20191214
505,0,0,0,0,0,0,0,20190207,20191214
506,0,1,1,1,1,1,1,20190207,20191214
507,0,0,0,0,0,0,0,20190207,20191214
508,0,0,0,0,0,1,1,20190207,20191214
509,0,0,0,0,0,0,0,20190207,20191214
510,1,1,1,1,1,1,1,20190207,20191214
511,1,1,1,1,1,1,1,20190207,20191214
512,0,0,0,0,0,1,0,20190207,20191214
513,0,0,0,0,0,0,0,20190207,20191214
514,0,0,0,0,0,0,0,20190207,20191214
515,1,1,1,1,1,0,0,20190207,20191214
516,0,0,0,0,0,0,0,20190207,20191214
517,0,0,0,0,1,0,0,20190207,20191214
518,1,1,1,1,0,1,1,20190207,20191214
519,0,0,0,0,0,0,0,20190207,20191214
520,1,1,1,1,1,0,0,20190207,20191214
521,0,0,0,0,0,0,0,20190207,20191214
522,1,1,1,1,1,0,0,20190207,20191214
523,0,1,1,1,1,1,0,20190207,20191214
524,0,0,0,0,0,0,0,20190207,20191214
525,0,0,0,0,0,0,0,20190207,20191214
526,0,0,0,0,0,0,0,20190207,20191214
527,1,1,1,1,1,0,0,20190207,20191214
528,0,1,1,1,1,0,0,20190207,20191214
529,0,0,0,0,0,0,0,20190207,20191214
530,0,0,0,0,0,0,0,20190207,20191214
531,0,1,1,1,1,0,0,20190207,20191214
532,0,0,0,0,0,0,0,20190207,20191214
533,1,1,1,1,0,0,1,20190207,20191214
534,0,0,0,0,0,1,0,20190207,20191214
535,0,0,0,0,0,0,0,20190207,20191214
536,1,1,1,1,1,0,0,20190207,20191214
537,0,0,0,0,0,0,0,20190207,20191214
538,0,0,0,0,0,0,0,20190207,20191214
539,0,0,0,0,0,0,0,20190207,20191214
540,0,0,0,0,0,0,0,20190207,20191214
541,0,0,0,0,0,0,0,20190207,20191214
542,0,0,0,0,0,0,1,20190207,20191214
543,1,1,1,1,1,1,0,20190207,20191214
544,0,0,0,0,0,0,0,20190207,20191214
545,0,0,0,0,0,0,0,20190207,20191214
546,1,1,1,1,1,1,0,20190207,20191214
547,0,0,0,0,0,0,0,20190207,20191214
548,1,1,1,1,1,1,0,20190207,20191214
549,0,0,0,0,0,0,0,20190207,20191214
550,0,0,0,0,0,0,0,20190207,20191214
551,0,0,0,0,0,0,0,20190207,20191214
552,0,0,0,0,0,0,0,20190207,20191214
553,0,0,0,0,0,0,0,20190207,20191214
554,1,1,1,1,1,1,0,20190207,20191214
555,0,0,0,0,0,0,1,20190207,20191214
556,1,1,1,1,1,1,1,20190207,20191214
557,0,0,0,0,0,1,0,20190207,20191214
558,0,0,0,0,1,1,1,20190207,20191214
559,0,0,0,0,0,1,1,20190207,20191214
560,0,0,0,0,0,1,1,20190207,20191214
561,1,1,1,1,1,1,1,20190207,20191214
562,1,1,1,1,1,1,1,20190207,20191214
563,1,1,1,1,1,1,1,20190207,20191214
564,1,1,1,1,1,0,0,20190207,20191214
565,0,0,0,0,0,0,0,20190207,20191214
566,0,0,0,0,1,0,0,20190207,20191214
567,0,0,0,0,1,0,0,20190207,20191214
568,1,1,1,1,1,0,0,20190207,20191214
569,0,1,1,1,1,0,0,20190207,20191214
570,1,0,0,0,0,0,0,20190207,20191214
571,0,0,0,0,0,0,0,20190207,20191214
572,1,1,1,1,0,1,0,20190207,20191214
573,0,0,0,0,0,0,0,20190207,20191214
574,0,0,0,0,0,0,0,20190207,20191214
575,0,0,0,0,0,0,0,20190207,20191214
576,0,0,0,0,0,0,0,20190207,20191214
577,0,0,0,0,0,0,0,20190207,20191214
578,0,0,0,0,0,0,0,20190207,20191214
579,1,1,1,1,1,0,0,20190207,20191214
580,1,1,1,1,1,1,0,20190207,20191214
581,0,0,0,0,0,0,0,20190207,20191214
582,1,1,1,1,1,1,1,20190207,20191214
583,0,0,0,0,0,0,0,20190207,20191214
584,1,1,1,1,1,1,1,20190207,20191214
585,0,0,0,0,0,0,0,20190207,20191214
586,1,1,1,1,1,1,1,20190207,20191214
587,1,1,1,1,1,1,1,20190207,20191214
588,0,0,0,0,0,0,0,20190207,20191214
589,0,0,0,0,0,0,0,20190207,20191214
590,0,0,0,0,0,0,0,20190207,20191214
591,0,0,0,0,0,0,0,20190207,20191214
592,0,0,0,0,0,0,0,20190207,20191214
593,0,0,0,0,0,0,0,20190207,20191214
594,0,0,0,0,0,0,0,20190207,20191214
595,0,0,0,0,0,0,0,20190207,20191214
596,0,0,0,0,0,0,0,20190207,20191214
597,0,0,0,0,0,0,0,20190207,20191214
598,0,0,0,0,0,0,0,20190207,20191214
599,0,0,0,0,0,0,0,20190207,20191214
600,1,1,1,1,1,1,0,20190207,20191214
601,0,0,0,0,0,0,0,20190207,20191214
602,1,1,1,1,1,1,1,20190207,20191214
603,0,0,0,0,0,0,0,20190207,20191214
604,1,1,1,1,1,0,0,20190207,20191214
605,1,1,1,1,1,1,1,20190207,20191214
606,1,1,1,1,1,1,0,20190207,20191214
607,0,0,0,0,0,0,1,20190207,20191214
608,1,1,1,1,1,1,1,20190207,20191214
609,0,0,0,0,0,0,0,20190207,20191214
610,0,0,0,0,0,0,0,20190207,20191214
611,1,1,1,1,1,1,1,20190207,20191214
612,0,0,0,0,0,0,0,20190207,20191214
613,0,0,0,0,0,0,0,20190207,20191214
614,0,0,0,0,0,0,0,20190207,20191214
615,0,0,0,0,0,0,0,20190207,20191214
616,0,0,0,0,0,0,0,20190207,20191214
617,0,0,0,0,0,0,0,20190207,20191214
618,1,1,1,1,1,0,0,20190207,20191214
619,0,0,0,0,0,0,0,20190207,20191214
620,0,0,0,0,0,0,0,20190207,20191214
621,0,0,0,0,0,0,0,20190207,20191214
622,1,1,1,1,1,1,1,20190207,20191214
623,1,1,1,1,1,1,1,20190207,20191214
624,0,0,0,0,0,0,0,20190207,20191214
625,1,1,1,1,0,1,1,20190207,20191214
626,0,0,0,0,1,0,0,20190207,20191214
627,0,0,0,0,0,1,1,20190207,20191214
628,1,1,1,1,1,0,0,20190207,20191214
629,1,1,1,1,0,0,0,20190207,20191214
630,0,0,0,0,0,1,1,20190207,20191214
631,0,0,0,0,0,0,0,20190207,20191214
632,0,0,0,0,0,0,1,20190207,20191214
633,0,0,0,0,0,0,1,20190207,20191214
634,0,0,0,0,0,0,0,20190207,20191214
635,0,0,0,0,0,0,0,20190207,20191214
636,1,1,1,1,1,1,1,20190207,20191214
637,0,0,0,0,0,0,0,20190207,20191214
638,0,0,0,0,0,0,0,20190207,20191214
639,1,1,1,1,0,0,0,20190207,20191214
640,0,0,0,0,1,0,0,20190207,20191214
641,0,0,0,0,0,1,0,20190207,20191214
642,0,0,0,0,0,0,0,20190207,20191214
643,0,0,0,0,0,0,0,20190207,20191214
644,0,0,0,0,0,0,0,20190207,20191214
645,0,0,0,0,0,0,0,20190207,20191214
646,0,0,0,0,0,0,0,20190207,20191214
647,0,0,0,0,0,0,0,20190207,20191214
648,0,0,0,0,0,0,0,20190207,20191214
649,0,0,0,0,0,0,0,20190207,20191214
650,0,0,0,0,0,0,0,20190207,20191214
651,0,0,0,0,0,0,0,20190207,20191214
652,0,0,0,0,0,0,0,20190207,20191214
653,1,1,1,1,1,0,0,20190207,20191214
654,1,1,1,1,0,1,1,20190207,20191214
655,0,0,0,0,0,0,0,20190207,20191214
656,0,0,0,0,0,0,0,20190207,20191214
657,0,0,0,0,0,0,0,20190207,20191214
658,0,0,0,0,0,0,0,20190207,20191214
659,0,0,0,0,0,0,1,20190207,20191214
660,0,0,0,0,0,0,0,20190207,20191214
661,0,0,0,0,0,0,0,20190207,20191214
662,0,0,0,0,0,1,0,20190207,20191214
663,0,0,0,0,0,0,0,20190207,20191214
664,0,0,0,0,0,0,0,20190207,20191214
665,0,0,0,0,0,0,0,20190207,20191214
666,0,0,0,0,0,0,0,20190207,20191214
667,0,0,0,0,0,0,0,20190207,20191214
668,0,0,0,0,0,0,0,20190207,20191214
669,1,1,1,1,1,1,1,20190207,20191214
670,0,0,0,0,0,0,0,20190207,20191214
671,0,0,0,0,1,0,0,20190207,20191214
672,0,0,0,0,0,1,0,20190207,20191214
673,0,0,0,0,0,0,0,20190207,20191214
674,0,0,0,0,1,1,0,20190207,20191214
675,0,0,0,0,0,0,0,20190207,20191214
676,1,1,1,1,1,1,0,20190207,20191214
677,0,0,0,0,0,0,0,20190207,20191214
678,0,0,0,0,0,0,0,20190207,20191214
679,0,0,0,0,0,1,1,20190207,20191214
680,1,1,1,1,0,0,0,20190207,20191214
681,0,0,0,0,0,0,0,20190207,20191214
682,0,0,0,0,1,1,0,20190207,20191214
683,0,0,0,0,0,0,0,20190207,20191214
684,0,0,0,0,0,0,1,20190207,20191214
685,0,0,0,0,0,1,1,20190207,20191214
686,0,0,0,0,0,0,0,20190207,20191214
687,0,0,0,0,0,1,1,20190207,20191214
688,0,0,0,0,0,0,0,20190207,20191214
689,1,1,1,1,1,1,1,20190207,20191214
690,0,0,0,0,1,1,1,20190207,20191214
691,0,0,0,0,0,0,0,20190207,20191214
692,1,1,1,1,1,1,1,20190207,20191214
693,0,0,0,0,0,0,0,20190207,20191214
694,0,0,0,0,0,0,0,20190207,20191214
695,0,0,0,0,0,1,1,20190207,20191214
696,1,1,1,1,1,0,0,20190207,20191214
697,1,1,1,1,1,1,0,20190207,20191214
698,0,0,0,0,0,0,1,20190207,20191214
699,1,1,1,1,1,1,1,20190207,20191214
700,0,0,0,0,0,0,1,20190207,20191214
701,0,0,0,0,0,0,0,20190207,20191214
702,0,0,0,0,0,0,0,20190207,20191214
703,1,1,1,1,1,1,0,20190207,20191214
704,0,0,0,0,0,1,0,20190207,20191214
705,1,1,1,1,1,1,0,20190207,20191214
706,1,1,1,1,1,1,1,20190207,20191214
707,0,0,0,0,0,0,0,20190207,20191214
708,0,0,0,0,0,0,0,20190207,20191214
709,1,1,1,1,1,1,1,20190207,20191214
710,0,0,0,0,0,0,0,20190207,20191214
711,1,1,1,1,1,1,1,20190207,20191214
712,1,1,1,1,1,1,1,20190207,20191214
713,0,0,0,0,0,0,0,20190207,20191214
714,0,0,0,0,0,0,0,20190207,20191214
715,1,1,1,1,1,0,0,20190207,20191214
716,1,1,1,1,1,1,0,20190207,20191214
717,1,1,1,1,1,1,1,20190207,20191214
718,0,0,0,0,0,1,1,20190207,20191214
719,0,0,0,0,0,0,0,20190207,20191214
720,0,0,0,0,0,0,0,20190207,20191214
721,0,0,0,0,0,0,0,20190207,20191214
722,0,0,0,0,0,1,1,20190207,20191214
723,0,0,0,0,0,0,0,20190207,20191214
724,0,0,0,0,0,0,0,20190207,20191214
725,0,0,0,0,0,0,0,20190207,20191214
726,0,0,0,0,0,1,1,20190207,20191214
727,1,1,1,1,1,1,1,20190207,20191214
728,1,1,1,1,1,1,0,20190207,20191214
729,1,1,1,1,1,1,1,20190207,20191214
730,1,1,1,1,1,1,1,20190207,20191214
731,1,1,1,1,1,1,1,20190207,20191214
732,0,0,0,0,0,0,0,20190207,20191214
733,1,1,1,1,1,1,1,20190207,20191214
734,0,0,0,0,0,0,0,20190207,20191214
735,1,1,1,1,1,1,1,20190207,20191214
736,0,0,0,0,0,0,0,20190207,20191214
737,0,0,0,0,0,0,0,20190207,20191214
738,0,0,0,0,0,0,0,20190207,20191214
739,0,0,0,0,0,0,0,20190207,20191214
740,0,0,0,0,0,0,0,20190207,20191214
741,0,0,0,0,0,0,0,20190207,20191214
742,0,0,0,0,0,0,0,20190207,20191214
743,1,1,1,1,1,1,1,20190207,20191214
744,0,0,0,0,0,0,0,20190207,20191214
745,1,1,1,1,1,1,1,20190207,20191214
746,1,1,1,1,1,1,1,20190207,20191214
747,0,0,0,0,0,0,0,20190207,20191214
748,1,1,1,1,1,0,0,20190207,20191214
749,0,0,0,0,0,1,1,20190207,20191214
750,1,1,1,1,1,1,1,20190207,20191214
751,0,0,0,0,0,0,0,20190207,20191214
752,0,0,0,0,0,1,1,20190207,20191214
753,0,0,0,0,0,0,0,20190207,20191214
754,0,0,0,0,0,0,1,20190207,20191214
755,1,1,1,1,1,1,1,20190207,20191214
756,1,1,1,1,1,1,1,20190207,20191214
757,1,1,1,1,1,1,1,20190207,20191214
758,0,0,0,0,0,0,0,20190207,20191214
759,1,1,1,1,1,1,1,20190207,20191214
760,0,0,0,0,0,0,0,20190207,20191214
761,0,0,0,0,0,0,0,20190207,20191214
762,0,0,0,0,0,0,0,20190207,20191214
763,0,0,0,0,0,0,0,20190207,20191214
764,0,0,0,0,0,0,0,20190207,20191214
765,1,1,1,1,1,0,0,20190207,20191214
766,1,1,1,1,1,0,0,20190207,20191214
767,1,1,1,1,1,0,0,20190207,20191214
768,0,0,0,0,0,1,1,20190207,20191214
769,0,0,0,0,0,1,1,20190207,20191214
770,1,1,1,1,1,0,0,20190207,20191214
771,1,1,1,1,1,0,0,20190207,20191214
772,1,1,1,1,1,1,1,20190207,20191214
773,1,1,1,1,1,0,1,20190207,20191214
774,0,0,0,0,0,1,1,20190207,20191214
775,0,0,0,0,0,1,1,20190207,20191214
776,0,0,0,0,0,0,0,20190207,20191214
777,0,0,0,0,0,1,0,20190207,20191214
778,0,0,0,0,0,1,1,20190207,20191214
779,1,1,1,1,1,0,0,20190207,20191214
780,0,0,0,0,0,0,1,20190207,20191214
781,0,0,0,0,0,0,0,20190207,20191214
782,0,0,0,0,1,0,0,20190207,20191214
783,0,0,0,0,0,1,1,20190207,20191214
